           -0.000278         -0.000369    
             0.00596           0.00858    
             -0.0195           -0.0129    
              0.0319            0.0185    
             -0.0475           -0.0262    
              0.0541            0.0272    
             -0.0232           0.00486    
              0.0155           -0.0137    
            0.000741            0.0115    
            -0.00845           -0.0157    
            -0.00255           -0.0151    
            -0.00132            0.0151    
           -0.000391           0.00301    
            -0.00195          -0.00384    
             0.00511            0.0123    
            -0.00664           -0.0129    
             0.00719             0.012    
            -0.00817           -0.0122    
             0.00641            0.0085    
              -0.007          -0.00854    
             0.00561           0.00182    
              -0.006          -0.00181    
             0.00465          0.000474    
            -0.00492         -0.000465    
             0.00397           0.00171    
            -0.00414          -0.00168    
             0.00357           0.00249    
            -0.00371          -0.00244    
             0.00334           0.00249    
            -0.00344          -0.00242    
             0.00316            0.0021    
            -0.00323          -0.00203    
             0.00301           0.00169    
            -0.00304          -0.00163    
             0.00284           0.00129    
            -0.00288          -0.00123    
             0.00291          0.000442    
            -0.00291         -0.000401    
