           -0.000695    -7.92e-006   
               -0.09       -0.0425   
              -0.103       0.00429   
              -0.239        0.0249   
              -0.172        0.0833   
              -0.171         0.167   
              0.0279         0.178   
                0.15         0.223   
               0.132        0.0538   
                0.17        0.0031   
              0.0871       0.00201   
              0.0686       -0.0441   
               0.083       -0.0188   
              0.0677       -0.0544   
             0.00691        -0.177   
              0.0161        -0.208   
             -0.0213        -0.294   
             -0.0666        -0.334   
             -0.0954        -0.368   
              -0.116        -0.386   
              -0.118        -0.374   
               -0.14        -0.384   
              -0.173        -0.387   
              -0.186        -0.389   
              -0.217        -0.423   
              -0.227        -0.422   
              -0.234        -0.467   
              -0.242        -0.462   
              -0.266        -0.514   
              -0.272        -0.505   
              -0.301        -0.553   
              -0.304        -0.538   
              -0.334        -0.585   
              -0.333        -0.566   
              -0.362         -0.62   
              -0.358        -0.596   
              -0.348        -0.689   
              -0.344        -0.658   
