              -0.041                   0  
               0.277               0.114  
              -0.373            -0.00915  
                0.56              0.0067  
              -0.573              0.0493  
               0.618              -0.101  
              -0.366                0.26  
               0.278              -0.346  
             -0.0894               0.364  
              -0.021              -0.422  
              0.0599               0.315  
              -0.152              -0.341  
               0.216               0.483  
              -0.293              -0.503  
               0.374               0.598  
              -0.436               -0.61  
               0.491                0.63  
              -0.542              -0.633  
               0.571               0.613  
              -0.613              -0.611  
               0.636                0.57  
               -0.67              -0.564  
                0.69               0.575  
              -0.718              -0.567  
                0.74               0.608  
              -0.763              -0.597  
               0.788               0.635  
              -0.807              -0.622  
               0.834                0.65  
              -0.849              -0.635  
               0.876               0.656  
              -0.887              -0.641  
               0.915                0.66  
              -0.922              -0.642  
                0.95                0.66  
              -0.955              -0.641  
               0.987               0.649  
              -0.988              -0.629  
